601012    437.309901
000063    411.210664
000725    411.135954
300136    322.651589
002714    316.150912
002008    286.504901
002081    270.815844
601318    258.537816
002027    238.991724
601888    234.271187
600519    226.647247
600690    219.801024
601933    211.565756
601877    189.327295
600741    178.398156
600196    174.601673
000333    169.411612
600887    162.845016
600703    152.635797
000858    151.212250
002202    143.690306
002415    128.674062
600029    124.958115
002044    120.888365
600522    119.272781
601601    114.312953
601111    111.994284
002294    108.656541
300122    105.681047
000002     98.887800